p/s9_9.png 1 0 0 24 24
p/s9_8.png 1 0 0 24 24
p/s9_7.png 1 0 0 24 24
p/s9_6.png 1 0 0 24 24
p/s9_5.png 1 0 0 24 24
p/s9_4.png 1 0 0 24 24
p/s9_3.png 1 0 0 24 24
p/s9_2.png 1 0 0 24 24
p/s9_10.png 1 0 0 24 24
p/s9_1.png 1 0 0 24 24
p/s8_9.png 1 0 0 24 24
p/s8_8.png 1 0 0 24 24
p/s8_7.png 1 0 0 24 24
p/s8_6.png 1 0 0 24 24
p/s8_5.png 1 0 0 24 24
p/s8_4.png 1 0 0 24 24
p/s8_3.png 1 0 0 24 24
p/s8_2.png 1 0 0 24 24
p/s8_10.png 1 0 0 24 24
p/s8_1.png 1 0 0 24 24
p/s7_9.png 1 0 0 24 24
p/s7_8.png 1 0 0 24 24
p/s7_7.png 1 0 0 24 24
p/s7_6.png 1 0 0 24 24
p/s7_5.png 1 0 0 24 24
p/s7_4.png 1 0 0 24 24
p/s7_3.png 1 0 0 24 24
p/s7_2.png 1 0 0 24 24
p/s7_10.png 1 0 0 24 24
p/s7_1.png 1 0 0 24 24
p/s6_9.png 1 0 0 24 24
p/s6_8.png 1 0 0 24 24
p/s6_7.png 1 0 0 24 24
p/s6_6.png 1 0 0 24 24
p/s6_5.png 1 0 0 24 24
p/s6_4.png 1 0 0 24 24
p/s6_3.png 1 0 0 24 24
p/s6_2.png 1 0 0 24 24
p/s6_10.png 1 0 0 24 24
p/s6_1.png 1 0 0 24 24
p/s5_9.png 1 0 0 24 24
p/s5_8.png 1 0 0 24 24
p/s5_7.png 1 0 0 24 24
p/s5_6.png 1 0 0 24 24
p/s5_5.png 1 0 0 24 24
p/s5_4.png 1 0 0 24 24
p/s5_3.png 1 0 0 24 24
p/s5_2.png 1 0 0 24 24
p/s5_10.png 1 0 0 24 24
p/s5_1.png 1 0 0 24 24
p/s40_9.png 1 0 0 24 24
p/s40_8.png 1 0 0 24 24
p/s40_7.png 1 0 0 24 24
p/s40_6.png 1 0 0 24 24
p/s40_5.png 1 0 0 24 24
p/s40_4.png 1 0 0 24 24
p/s40_3.png 1 0 0 24 24
p/s40_2.png 1 0 0 24 24
p/s40_10.png 1 0 0 24 24
p/s40_1.png 1 0 0 24 24
p/s4_9.png 1 0 0 24 24
p/s4_8.png 1 0 0 24 24
p/s4_7.png 1 0 0 24 24
p/s4_6.png 1 0 0 24 24
p/s4_5.png 1 0 0 24 24
p/s4_4.png 1 0 0 24 24
p/s4_3.png 1 0 0 24 24
p/s4_2.png 1 0 0 24 24
p/s4_10.png 1 0 0 24 24
p/s4_1.png 1 0 0 24 24
p/s39_9.png 1 0 0 24 24
p/s39_8.png 1 0 0 24 24
p/s39_7.png 1 0 0 24 24
p/s39_6.png 1 0 0 24 24
p/s39_5.png 1 0 0 24 24
p/s39_4.png 1 0 0 24 24
p/s39_3.png 1 0 0 24 24
p/s39_2.png 1 0 0 24 24
p/s39_10.png 1 0 0 24 24
p/s39_1.png 1 0 0 24 24
p/s38_9.png 1 0 0 24 24
p/s38_8.png 1 0 0 24 24
p/s38_7.png 1 0 0 24 24
p/s38_6.png 1 0 0 24 24
p/s38_5.png 1 0 0 24 24
p/s38_4.png 1 0 0 24 24
p/s38_3.png 1 0 0 24 24
p/s38_2.png 1 0 0 24 24
p/s38_10.png 1 0 0 24 24
p/s38_1.png 1 0 0 24 24
p/s37_9.png 1 0 0 24 24
p/s37_8.png 1 0 0 24 24
p/s37_7.png 1 0 0 24 24
p/s37_6.png 1 0 0 24 24
p/s37_5.png 1 0 0 24 24
p/s37_4.png 1 0 0 24 24
p/s37_3.png 1 0 0 24 24
p/s37_2.png 1 0 0 24 24
p/s37_10.png 1 0 0 24 24
p/s37_1.png 1 0 0 24 24
p/s36_9.png 1 0 0 24 24
p/s36_8.png 1 0 0 24 24
p/s36_7.png 1 0 0 24 24
p/s36_6.png 1 0 0 24 24
p/s36_5.png 1 0 0 24 24
p/s36_4.png 1 0 0 24 24
p/s36_3.png 1 0 0 24 24
p/s36_2.png 1 0 0 24 24
p/s36_10.png 1 0 0 24 24
p/s36_1.png 1 0 0 24 24
p/s35_9.png 1 0 0 24 24
p/s35_8.png 1 0 0 24 24
p/s35_7.png 1 0 0 24 24
p/s35_6.png 1 0 0 24 24
p/s35_5.png 1 0 0 24 24
p/s35_4.png 1 0 0 24 24
p/s35_3.png 1 0 0 24 24
p/s35_2.png 1 0 0 24 24
p/s35_10.png 1 0 0 24 24
p/s35_1.png 1 0 0 24 24
p/s34_9.png 1 0 0 24 24
p/s34_8.png 1 0 0 24 24
p/s34_7.png 1 0 0 24 24
p/s34_6.png 1 0 0 24 24
p/s34_5.png 1 0 0 24 24
p/s34_4.png 1 0 0 24 24
p/s34_3.png 1 0 0 24 24
p/s34_2.png 1 0 0 24 24
p/s34_10.png 1 0 0 24 24
p/s34_1.png 1 0 0 24 24
p/s33_9.png 1 0 0 24 24
p/s33_8.png 1 0 0 24 24
p/s33_7.png 1 0 0 24 24
p/s33_6.png 1 0 0 24 24
p/s33_5.png 1 0 0 24 24
p/s33_4.png 1 0 0 24 24
p/s33_3.png 1 0 0 24 24
p/s33_2.png 1 0 0 24 24
p/s33_10.png 1 0 0 24 24
p/s33_1.png 1 0 0 24 24
p/s32_9.png 1 0 0 24 24
p/s32_8.png 1 0 0 24 24
p/s32_7.png 1 0 0 24 24
p/s32_6.png 1 0 0 24 24
p/s32_5.png 1 0 0 24 24
p/s32_4.png 1 0 0 24 24
p/s32_3.png 1 0 0 24 24
p/s32_2.png 1 0 0 24 24
p/s32_10.png 1 0 0 24 24
p/s32_1.png 1 0 0 24 24
p/s31_9.png 1 0 0 24 24
p/s31_8.png 1 0 0 24 24
p/s31_7.png 1 0 0 24 24
p/s31_6.png 1 0 0 24 24
p/s31_5.png 1 0 0 24 24
p/s31_4.png 1 0 0 24 24
p/s31_3.png 1 0 0 24 24
p/s31_2.png 1 0 0 24 24
p/s31_10.png 1 0 0 24 24
p/s31_1.png 1 0 0 24 24
p/s30_9.png 1 0 0 24 24
p/s30_8.png 1 0 0 24 24
p/s30_7.png 1 0 0 24 24
p/s30_6.png 1 0 0 24 24
p/s30_5.png 1 0 0 24 24
p/s30_4.png 1 0 0 24 24
p/s30_3.png 1 0 0 24 24
p/s30_2.png 1 0 0 24 24
p/s30_10.png 1 0 0 24 24
p/s30_1.png 1 0 0 24 24
p/s3_9.png 1 0 0 24 24
p/s3_8.png 1 0 0 24 24
p/s3_7.png 1 0 0 24 24
p/s3_6.png 1 0 0 24 24
p/s3_5.png 1 0 0 24 24
p/s3_4.png 1 0 0 24 24
p/s3_3.png 1 0 0 24 24
p/s3_2.png 1 0 0 24 24
p/s3_10.png 1 0 0 24 24
p/s3_1.png 1 0 0 24 24
p/s29_9.png 1 0 0 24 24
p/s29_8.png 1 0 0 24 24
p/s29_7.png 1 0 0 24 24
p/s29_6.png 1 0 0 24 24
p/s29_5.png 1 0 0 24 24
p/s29_4.png 1 0 0 24 24
p/s29_3.png 1 0 0 24 24
p/s29_2.png 1 0 0 24 24
p/s29_10.png 1 0 0 24 24
p/s29_1.png 1 0 0 24 24
p/s28_9.png 1 0 0 24 24
p/s28_8.png 1 0 0 24 24
p/s28_7.png 1 0 0 24 24
p/s28_6.png 1 0 0 24 24
p/s28_5.png 1 0 0 24 24
p/s28_4.png 1 0 0 24 24
p/s28_3.png 1 0 0 24 24
p/s28_2.png 1 0 0 24 24
p/s28_10.png 1 0 0 24 24
p/s28_1.png 1 0 0 24 24
p/s27_9.png 1 0 0 24 24
p/s27_8.png 1 0 0 24 24
p/s27_7.png 1 0 0 24 24
p/s27_6.png 1 0 0 24 24
p/s27_5.png 1 0 0 24 24
p/s27_4.png 1 0 0 24 24
p/s27_3.png 1 0 0 24 24
p/s27_2.png 1 0 0 24 24
p/s27_10.png 1 0 0 24 24
p/s27_1.png 1 0 0 24 24
p/s26_9.png 1 0 0 24 24
p/s26_8.png 1 0 0 24 24
p/s26_7.png 1 0 0 24 24
p/s26_6.png 1 0 0 24 24
p/s26_5.png 1 0 0 24 24
p/s26_4.png 1 0 0 24 24
p/s26_3.png 1 0 0 24 24
p/s26_2.png 1 0 0 24 24
p/s26_10.png 1 0 0 24 24
p/s26_1.png 1 0 0 24 24
p/s25_9.png 1 0 0 24 24
p/s25_8.png 1 0 0 24 24
p/s25_7.png 1 0 0 24 24
p/s25_6.png 1 0 0 24 24
p/s25_5.png 1 0 0 24 24
p/s25_4.png 1 0 0 24 24
p/s25_3.png 1 0 0 24 24
p/s25_2.png 1 0 0 24 24
p/s25_10.png 1 0 0 24 24
p/s25_1.png 1 0 0 24 24
p/s24_9.png 1 0 0 24 24
p/s24_8.png 1 0 0 24 24
p/s24_7.png 1 0 0 24 24
p/s24_6.png 1 0 0 24 24
p/s24_5.png 1 0 0 24 24
p/s24_4.png 1 0 0 24 24
p/s24_3.png 1 0 0 24 24
p/s24_2.png 1 0 0 24 24
p/s24_10.png 1 0 0 24 24
p/s24_1.png 1 0 0 24 24
p/s23_9.png 1 0 0 24 24
p/s23_8.png 1 0 0 24 24
p/s23_7.png 1 0 0 24 24
p/s23_6.png 1 0 0 24 24
p/s23_5.png 1 0 0 24 24
p/s23_4.png 1 0 0 24 24
p/s23_3.png 1 0 0 24 24
p/s23_2.png 1 0 0 24 24
p/s23_10.png 1 0 0 24 24
p/s23_1.png 1 0 0 24 24
p/s22_9.png 1 0 0 24 24
p/s22_8.png 1 0 0 24 24
p/s22_7.png 1 0 0 24 24
p/s22_6.png 1 0 0 24 24
p/s22_5.png 1 0 0 24 24
p/s22_4.png 1 0 0 24 24
p/s22_3.png 1 0 0 24 24
p/s22_2.png 1 0 0 24 24
p/s22_10.png 1 0 0 24 24
p/s22_1.png 1 0 0 24 24
p/s21_9.png 1 0 0 24 24
p/s21_8.png 1 0 0 24 24
p/s21_7.png 1 0 0 24 24
p/s21_6.png 1 0 0 24 24
p/s21_5.png 1 0 0 24 24
p/s21_4.png 1 0 0 24 24
p/s21_3.png 1 0 0 24 24
p/s21_2.png 1 0 0 24 24
p/s21_10.png 1 0 0 24 24
p/s21_1.png 1 0 0 24 24
p/s20_9.png 1 0 0 24 24
p/s20_8.png 1 0 0 24 24
p/s20_7.png 1 0 0 24 24
p/s20_6.png 1 0 0 24 24
p/s20_5.png 1 0 0 24 24
p/s20_4.png 1 0 0 24 24
p/s20_3.png 1 0 0 24 24
p/s20_2.png 1 0 0 24 24
p/s20_10.png 1 0 0 24 24
p/s20_1.png 1 0 0 24 24
p/s2_9.png 1 0 0 24 24
p/s2_8.png 1 0 0 24 24
p/s2_7.png 1 0 0 24 24
p/s2_6.png 1 0 0 24 24
p/s2_5.png 1 0 0 24 24
p/s2_4.png 1 0 0 24 24
p/s2_3.png 1 0 0 24 24
p/s2_2.png 1 0 0 24 24
p/s2_10.png 1 0 0 24 24
p/s2_1.png 1 0 0 24 24
p/s19_9.png 1 0 0 24 24
p/s19_8.png 1 0 0 24 24
p/s19_7.png 1 0 0 24 24
p/s19_6.png 1 0 0 24 24
p/s19_5.png 1 0 0 24 24
p/s19_4.png 1 0 0 24 24
p/s19_3.png 1 0 0 24 24
p/s19_2.png 1 0 0 24 24
p/s19_10.png 1 0 0 24 24
p/s19_1.png 1 0 0 24 24
p/s18_9.png 1 0 0 24 24
p/s18_8.png 1 0 0 24 24
p/s18_7.png 1 0 0 24 24
p/s18_6.png 1 0 0 24 24
p/s18_5.png 1 0 0 24 24
p/s18_4.png 1 0 0 24 24
p/s18_3.png 1 0 0 24 24
p/s18_2.png 1 0 0 24 24
p/s18_10.png 1 0 0 24 24
p/s18_1.png 1 0 0 24 24
p/s17_9.png 1 0 0 24 24
p/s17_8.png 1 0 0 24 24
p/s17_7.png 1 0 0 24 24
p/s17_6.png 1 0 0 24 24
p/s17_5.png 1 0 0 24 24
p/s17_4.png 1 0 0 24 24
p/s17_3.png 1 0 0 24 24
p/s17_2.png 1 0 0 24 24
p/s17_10.png 1 0 0 24 24
p/s17_1.png 1 0 0 24 24
p/s16_9.png 1 0 0 24 24
p/s16_8.png 1 0 0 24 24
p/s16_7.png 1 0 0 24 24
p/s16_6.png 1 0 0 24 24
p/s16_5.png 1 0 0 24 24
p/s16_4.png 1 0 0 24 24
p/s16_3.png 1 0 0 24 24
p/s16_2.png 1 0 0 24 24
p/s16_10.png 1 0 0 24 24
p/s16_1.png 1 0 0 24 24
p/s15_9.png 1 0 0 24 24
p/s15_8.png 1 0 0 24 24
p/s15_7.png 1 0 0 24 24
p/s15_6.png 1 0 0 24 24
p/s15_5.png 1 0 0 24 24
p/s15_4.png 1 0 0 24 24
p/s15_3.png 1 0 0 24 24
p/s15_2.png 1 0 0 24 24
p/s15_10.png 1 0 0 24 24
p/s15_1.png 1 0 0 24 24
p/s14_9.png 1 0 0 24 24
p/s14_8.png 1 0 0 24 24
p/s14_7.png 1 0 0 24 24
p/s14_6.png 1 0 0 24 24
p/s14_5.png 1 0 0 24 24
p/s14_4.png 1 0 0 24 24
p/s14_3.png 1 0 0 24 24
p/s14_2.png 1 0 0 24 24
p/s14_10.png 1 0 0 24 24
p/s14_1.png 1 0 0 24 24
p/s13_9.png 1 0 0 24 24
p/s13_8.png 1 0 0 24 24
p/s13_7.png 1 0 0 24 24
p/s13_6.png 1 0 0 24 24
p/s13_5.png 1 0 0 24 24
p/s13_4.png 1 0 0 24 24
p/s13_3.png 1 0 0 24 24
p/s13_2.png 1 0 0 24 24
p/s13_10.png 1 0 0 24 24
p/s13_1.png 1 0 0 24 24
p/s12_9.png 1 0 0 24 24
p/s12_8.png 1 0 0 24 24
p/s12_7.png 1 0 0 24 24
p/s12_6.png 1 0 0 24 24
p/s12_5.png 1 0 0 24 24
p/s12_4.png 1 0 0 24 24
p/s12_3.png 1 0 0 24 24
p/s12_2.png 1 0 0 24 24
p/s12_10.png 1 0 0 24 24
p/s12_1.png 1 0 0 24 24
p/s11_9.png 1 0 0 24 24
p/s11_8.png 1 0 0 24 24
p/s11_7.png 1 0 0 24 24
p/s11_6.png 1 0 0 24 24
p/s11_5.png 1 0 0 24 24
p/s11_4.png 1 0 0 24 24
p/s11_3.png 1 0 0 24 24
p/s11_2.png 1 0 0 24 24
p/s11_10.png 1 0 0 24 24
p/s11_1.png 1 0 0 24 24
p/s10_9.png 1 0 0 24 24
p/s10_8.png 1 0 0 24 24
p/s10_7.png 1 0 0 24 24
p/s10_6.png 1 0 0 24 24
p/s10_5.png 1 0 0 24 24
p/s10_4.png 1 0 0 24 24
p/s10_3.png 1 0 0 24 24
p/s10_2.png 1 0 0 24 24
p/s10_10.png 1 0 0 24 24
p/s10_1.png 1 0 0 24 24
p/s1_9.png 1 0 0 24 24
p/s1_8.png 1 0 0 24 24
p/s1_7.png 1 0 0 24 24
p/s1_6.png 1 0 0 24 24
p/s1_5.png 1 0 0 24 24
p/s1_4.png 1 0 0 24 24
p/s1_3.png 1 0 0 24 24
p/s1_2.png 1 0 0 24 24
p/s1_10.png 1 0 0 24 24
p/s1_1.png 1 0 0 24 24